0.1954 1.00000 
0.25595 0.99894 
0.26341 0.99721  
0.28131 0.99505
0.29964 0.99246 
0.31743 0.98987 
0.33475 0.98719 
0.34938 0.98452 
0.37276 0.9808 
0.38418 0.97778 
0.39824 0.97518 
0.41214 0.97259 
0.42488 0.97 
0.43688 0.96741 
0.44889 0.96482 
0.4606 0.96223 
0.47172 0.95964 
0.48373 0.95704 
0.49496 0.95375 
0.50564 0.95109 
0.51564 0.94797 
0.52676 0.94538 
0.53855 0.94322 
0.54872 0.9402 
0.56863 0.93415 
0.57478 0.93415 
0.58707 0.93027 
0.59696 0.92767 
0.60778 0.92314 
0.61913 0.92055 
0.63221 0.91601 
0.64448 0.91213 
0.65475 0.91018 
0.67128 0.90435 
0.68764 0.89917 
0.70184 0.89485 
0.71361 0.89001 
0.72522 0.8863 
0.73712 0.88146 
0.75088 0.87714 
0.76548 0.87196 
0.78004 0.86807 
0.79282 0.86159 
0.8063 0.85576 
0.81939 0.84993 
0.83008 0.84561 
0.83981 0.84086 
0.85013 0.83438 
0.86312 0.82596 
0.87545 0.81754 
0.88819 0.80976 
0.89961 0.80199 
0.90829 0.79201 
0.91809 0.78126 
0.92729 0.7696 
0.93723 0.75614 
0.95234 0.73591 
0.95876 0.7236 
0.96743 0.70935 
0.97645 0.69509 
0.9828 0.68084 
0.98595 0.66659 
0.98667 0.65233 
0.98795 0.63808 
0.98819 0.62383 
0.98946 0.60957 
0.98978 0.59532 
0.99042 0.58107 
0.99758 0.062249 
1.00000 0.00000
