1.9540e-01 1.0000e+00
2.0975e-01 9.9889e-01 
2.2410e-01 9.9778e-01 
2.3915e-01 9.9646e-01 
2.5421e-01 9.9460e-01 
2.6926e-01 9.9274e-01 
2.8431e-01 9.9042e-01 
2.9936e-01 9.8780e-01 
3.1442e-01 9.8518e-01 
3.2947e-01 9.8261e-01 
3.4452e-01 9.8011e-01 
3.5958e-01 9.7762e-01 
3.7463e-01 9.7498e-01 
3.8968e-01 9.7201e-01 
4.0473e-01 9.6903e-01 
4.1979e-01 9.6583e-01 
4.3484e-01 9.6241e-01 
4.4989e-01 9.5898e-01 
4.6495e-01 9.5556e-01 
4.8000e-01 9.5159e-01 
4.9505e-01 9.4757e-01 
5.1010e-01 9.4356e-01 
5.2516e-01 9.3954e-01 
5.4021e-01 9.3545e-01 
5.5526e-01 9.3106e-01 
5.7032e-01 9.2668e-01 
5.8537e-01 9.2229e-01 
6.0042e-01 9.1768e-01 
6.1547e-01 9.1289e-01 
6.3053e-01 9.0809e-01 
6.4558e-01 9.0306e-01 
6.6063e-01 8.9791e-01 
6.7569e-01 8.9275e-01 
6.9074e-01 8.8758e-01 
7.0579e-01 8.8226e-01 
7.2084e-01 8.7694e-01 
7.3590e-01 8.7146e-01 
7.5095e-01 8.6560e-01 
7.6600e-01 8.5974e-01
7.8106e-01 8.5362e-01 
7.9611e-01 8.4746e-01 
8.1116e-01 8.4099e-01 
8.2621e-01 8.3418e-01 
8.4127e-01 8.2719e-01 
8.5632e-01 8.1887e-01 
8.6350e-01 8.1491e-01 
8.7069e-01 8.1041e-01 
8.7787e-01 8.0476e-01
8.8506e-01 7.9912e-01 
8.9224e-01 7.9347e-01 
8.9942e-01 7.8672e-01 
9.0661e-01 7.7878e-01 
9.1379e-01 7.7084e-01 
9.2098e-01 7.6208e-01 
9.2816e-01 7.5005e-01 
9.3534e-01 7.3801e-01 
9.4253e-01 7.2595e-01 
9.4971e-01 7.1380e-01 
9.5690e-01 7.0166e-01 
9.6408e-01 6.9032e-01 
9.7126e-01 6.7910e-01 
9.7845e-01 5.7495e-01
9.8563e-01 3.8330e-01 
9.9282e-01 1.9165e-01 
1.0000e+00 0.0000e+00 
